71
12
16
135
67
423
247
5
89
62
293
268
146
289
167
59
139
104
6
167
45
147
302
484
14
217
238
151
84
31
35
84
471
295
282
88
309
48
218
188
121
1
81
66
30
265
428
32
54
46
217
4
247
22
270
106
356
110
146
7
426
92
125
92
204
54
438
26
159
67
176
116
9
191
84
331
30
67
1
79
224
79
129
282
20
25
20
533
92
354
169
208
111
284
302
138
329
50
400
103
498
65
557
198
48
319
193
33
2
381
2
177
29
297
292
192
53
80
79
200
115
309
208
395
321
78
243
337
26
360
68
18
73
261
472
7
159
4
252
53
542
277
128
26
31
19
90
153
41
53
66
194
3
105
33
427
114
137
258
92
225
23
126
5
16
1
52
266
51
154
180
177
170
29
205
92
129
156
182
248
114
249
413
132
63
40
37
44
72
49
12
576
287
62
174
389
420
30
344
243
136
56
160
257
303
231
331
130
240
56
299
285
147
198
16
33
100
18
92
271
187
95
182
98
38
36
135
10
473
1
144
311
265
239
198
150
337
101
20
51
82
177
35
258
90
115
115
4
29
8
142
97
2
87
191
449
21
202
306
222
41
555
179
75
131
198
215
65
32
246
20
184
37
343
1
305
13
127
1
465
542
60
67
20
13
292
441
467
357
533
192
71
144
228
123
266
188
37
45
101
83
3
104
137
201
68
371
346
148
53
144
7
397
358
44
122
1
220
250
76
17
364
25
285
56
78
271
4
62
317
78
30
26
121
271
264
373
1
33
182
6
36
97
28
220
239
35
196
192
173
11
375
36
112
282
130
222
70
489
18
258
119
295
242
2
216
214
15
102
355
17
212
426
55
410
78
169
99
85
102
171
3
206
20
75
37
68
355
394
33
430
171
46
17
302
131
104
198
34
453
19
10
250
102
302
39
393
1
46
222
40
362
199
36
42
251
35
124
437
68
305
188
34
65
204
305
153
234
21
342
40
107
6
105
19
94
433
169
11
282
147
241
226
160
194
365
105
39
212
304
10
226
174
58
69
116
107
9
551
15
302
151
87
65
25
314
183
141
121
142
66
221
9
334
111
192
24
211
391
